name		Tim Duncan
position	PF
education	Wake Forest
years exp	17

stats		year	team	gp	gs	min	fg%	ft%	reb	ast	blk	stl	pts
		'04-'05	SA	66	66	33.4	.496	.670	11.1	2.7	2.6	0.7	20.3
		'05-'06	SA	80	80	34.8	.484	.629	11.0	3.2	2.0	0.9	18.6
		'06-'07	SA	80	80	34.1	.546	.637	10.6	3.4	2.4	0.8	20.0
		'07-'08	SA	78	78	34.0	.497	.730	11.3	2.8	1.9	0.7	19.3
		'08-'09	SA	75	75	33.6	.504	.692	10.7	3.5	1.7	0.5	19.3
		'09-'10	SA	78	77	31.3	.518	.725	10.1	3.2	1.5	0.6	17.9
		'10-'11	SA	76	76	28.4	.500	.716	8.9	2.7	1.9	0.7	13.4
		'11-'12	SA	58	58	28.2	.492	.695	9.0	2.3	1.5	0.7	15.4
		'12-'13	SA	69	69	30.1	.502	.817	9.9	2.7	2.7	0.7	17.8
		'13-'14	SA	74	74	29.2	.490	.731	9.7	3.0	1.9	0.6	15.1
career stats			1254	1252	34.8	.506	.694	11.1	3.1	2.2	0.7	19.9

awards		MVP 2003, 2002
		Finals MVP 2005, 2003, 1999
		All-NBA 1st Team 2013, 2007, 2005, 2004, 2003, 2002, 2001, 2000, 1999, 1998
		All-Defensive 1st Team 2008, 2007, 2005, 2003, 2002, 2001, 2000, 1999

